{
 "cells": [
  {
   "cell_type": "code",
   "execution_count": 43,
   "id": "11514e4c",
   "metadata": {},
   "outputs": [],
   "source": [
    "import numpy as np\n",
    "import plotly.graph_objects as go"
   ]
  },
  {
   "cell_type": "code",
   "execution_count": 44,
   "id": "e5dcc803",
   "metadata": {},
   "outputs": [],
   "source": [
    "corrected_wall_90_deg = [[ 2.35380325e-02,  2.56796739e-05, -1.55391439e-03,  0.00000000e+00,\n",
    "   2.56796739e-05,  7.93246145e-05, -9.68469903e-05,  0.00000000e+00,\n",
    "  -1.55391439e-03, -9.68469903e-05,  2.97766905e-02,  0.00000000e+00,\n",
    "   0.00000000e+00,  0.00000000e+00,  0.00000000e+00,  1.00000001e-10],\n",
    " [ 3.85130458e-02,  3.79618187e-03,  3.80248204e-03,  0.00000000e+00,\n",
    "   3.79618187e-03,  1.22737102e-02,  4.47363686e-03,  0.00000000e+00,\n",
    "   3.80248204e-03,  4.47363686e-03,  5.21464413e-03,  0.00000000e+00,\n",
    "   0.00000000e+00,  0.00000000e+00,  0.00000000e+00,  1.00000001e-10],\n",
    " [ 2.71527432e-02,  2.61628065e-05, -6.62302459e-03,  0.00000000e+00,\n",
    "   2.61628065e-05,  8.68357747e-05, -4.54186142e-04,  0.00000000e+00,\n",
    "  -6.62302459e-03, -4.54186142e-04,  2.82598697e-02,  0.00000000e+00,\n",
    "   0.00000000e+00,  0.00000000e+00,  0.00000000e+00,  1.00000001e-10],\n",
    " [ 1.22893499e-02,  1.71765932e-04,  6.50534581e-04,  0.00000000e+00,\n",
    "   1.71765932e-04,  7.11450266e-05,  4.82931173e-05,  0.00000000e+00,\n",
    "   6.50534581e-04,  4.82931173e-05,  2.37708241e-02,  0.00000000e+00,\n",
    "   0.00000000e+00,  0.00000000e+00,  0.00000000e+00,  1.00000001e-10],\n",
    " [ 3.58266272e-02, -7.73367239e-03, -1.10107306e-02,  0.00000000e+00,\n",
    "  -7.73367239e-03,  8.33728630e-03,  7.75921158e-03,  0.00000000e+00,\n",
    "  -1.10107306e-02,  7.75921158e-03,  2.16463469e-02,  0.00000000e+00,\n",
    "   0.00000000e+00,  0.00000000e+00,  0.00000000e+00,  1.00000001e-10],\n",
    " [ 1.44778034e-02,  4.67989687e-03,  6.73519634e-03,  0.00000000e+00,\n",
    "   4.67989687e-03,  1.04556577e-02,  1.03074871e-02,  0.00000000e+00,\n",
    "   6.73519634e-03,  1.03074871e-02,  2.63823643e-02,  0.00000000e+00,\n",
    "   0.00000000e+00,  0.00000000e+00,  0.00000000e+00,  1.00000001e-10],\n",
    " [ 1.64123867e-02,  9.22380932e-05,  2.61585531e-03,  0.00000000e+00,\n",
    "   9.22380932e-05,  1.00426849e-04,  1.42747958e-04,  0.00000000e+00,\n",
    "   2.61585531e-03,  1.42747958e-04,  4.94720638e-02,  0.00000000e+00,\n",
    "   0.00000000e+00,  0.00000000e+00,  0.00000000e+00,  1.00000001e-10],\n",
    " [ 3.45311910e-02, -1.22662634e-04, -3.53920856e-04,  0.00000000e+00,\n",
    "  -1.22662634e-04,  1.03686289e-04,  1.59199524e-04,  0.00000000e+00,\n",
    "  -3.53920856e-04,  1.59199524e-04,  1.90559644e-02,  0.00000000e+00,\n",
    "   0.00000000e+00,  0.00000000e+00,  0.00000000e+00,  1.00000001e-10],\n",
    " [ 2.83660144e-02,  4.12118767e-04,  5.71288774e-03,  0.00000000e+00,\n",
    "   4.12118767e-04,  8.86243579e-05,  1.43176367e-04,  0.00000000e+00,\n",
    "   5.71288774e-03,  1.43176367e-04,  2.96718441e-02,  0.00000000e+00,\n",
    "   0.00000000e+00,  0.00000000e+00,  0.00000000e+00,  1.00000001e-10],\n",
    " [ 2.12679617e-02, -1.18517154e-03, -1.12233439e-03,  0.00000000e+00,\n",
    "  -1.18517154e-03,  1.23373009e-02,  4.91475314e-03,  0.00000000e+00,\n",
    "  -1.12233439e-03,  4.91475314e-03,  5.55179827e-03,  0.00000000e+00,\n",
    "   0.00000000e+00,  0.00000000e+00,  0.00000000e+00,  1.00000001e-10],\n",
    " [ 2.51193885e-02,  4.29748980e-05,  2.79704737e-03,  0.00000000e+00,\n",
    "   4.29748980e-05,  1.14614813e-04,  8.70092626e-05,  0.00000000e+00,\n",
    "   2.79704737e-03,  8.70092626e-05,  1.72859635e-02,  0.00000000e+00,\n",
    "   0.00000000e+00,  0.00000000e+00,  0.00000000e+00,  1.00000001e-10],\n",
    " [ 3.22982818e-02,  4.03240643e-04, -1.74507510e-03,  0.00000000e+00,\n",
    "   4.03240643e-04,  8.67768904e-05,  2.12337545e-05,  0.00000000e+00,\n",
    "  -1.74507510e-03,  2.12337545e-05,  2.75492482e-02,  0.00000000e+00,\n",
    "   0.00000000e+00,  0.00000000e+00,  0.00000000e+00,  1.00000001e-10],\n",
    " [ 2.36906391e-02,  1.90551963e-03, -1.02559815e-03,  0.00000000e+00,\n",
    "   1.90551963e-03,  3.46489460e-03,  3.96616012e-03,  0.00000000e+00,\n",
    "  -1.02559815e-03,  3.96616012e-03,  1.45427408e-02,  0.00000000e+00,\n",
    "   0.00000000e+00,  0.00000000e+00,  0.00000000e+00,  1.00000001e-10],\n",
    " [ 6.04543760e-02,  1.80985749e-04, -4.16218443e-03,  0.00000000e+00,\n",
    "   1.80985749e-04,  8.61975786e-05,  2.41697635e-05,  0.00000000e+00,\n",
    "  -4.16218443e-03,  2.41697635e-05,  1.59407556e-02,  0.00000000e+00,\n",
    "   0.00000000e+00,  0.00000000e+00,  0.00000000e+00,  1.00000001e-10],\n",
    " [ 3.93548496e-02,  1.23767837e-04,  2.48005311e-03,  0.00000000e+00,\n",
    "   1.23767837e-04,  1.14401570e-04,  1.18247437e-04,  0.00000000e+00,\n",
    "   2.48005311e-03,  1.18247437e-04,  1.09675657e-02,  0.00000000e+00,\n",
    "   0.00000000e+00,  0.00000000e+00,  0.00000000e+00,  1.00000001e-10],\n",
    " [ 2.61903331e-02, -2.08320009e-04,  1.31191616e-03,  0.00000000e+00,\n",
    "  -2.08320009e-04,  1.19774209e-04,  4.32622801e-05,  0.00000000e+00,\n",
    "   1.31191616e-03,  4.32622801e-05,  1.63747258e-02,  0.00000000e+00,\n",
    "   0.00000000e+00,  0.00000000e+00,  0.00000000e+00,  1.00000001e-10],\n",
    " [ 3.66079472e-02,  2.98185405e-05,  1.36768939e-02,  0.00000000e+00,\n",
    "   2.98185405e-05,  8.86341659e-05,  1.76791262e-04,  0.00000000e+00,\n",
    "   1.36768939e-02,  1.76791262e-04,  2.51187608e-02,  0.00000000e+00,\n",
    "   0.00000000e+00,  0.00000000e+00,  0.00000000e+00,  1.00000001e-10],\n",
    " [ 2.78350655e-02,  1.35843846e-04, -5.25157992e-03,  0.00000000e+00,\n",
    "   1.35843846e-04,  1.05994463e-04, -1.38460993e-04,  0.00000000e+00,\n",
    "  -5.25157992e-03, -1.38460993e-04,  4.37787175e-02,  0.00000000e+00,\n",
    "   0.00000000e+00,  0.00000000e+00,  0.00000000e+00,  1.00000001e-10],\n",
    " [ 2.66501140e-02, -4.80894923e-05,  2.97896238e-03,  0.00000000e+00,\n",
    "  -4.80894923e-05,  9.25319328e-05,  2.66197632e-04,  0.00000000e+00,\n",
    "   2.97896238e-03,  2.66197632e-04,  2.98621282e-02,  0.00000000e+00,\n",
    "   0.00000000e+00,  0.00000000e+00,  0.00000000e+00,  1.00000001e-10],\n",
    " [ 1.11423638e-02, -3.53643009e-05,  3.65150510e-03,  0.00000000e+00,\n",
    "  -3.53643009e-05,  1.05506952e-04,  6.49500653e-05,  0.00000000e+00,\n",
    "   3.65150510e-03,  6.49500653e-05,  3.93464006e-02,  0.00000000e+00,\n",
    "   0.00000000e+00,  0.00000000e+00,  0.00000000e+00,  1.00000001e-10],\n",
    " [ 3.99406888e-02, -5.14372659e-05,  3.31416610e-03,  0.00000000e+00,\n",
    "  -5.14372659e-05,  9.77270975e-05, -8.14469313e-05,  0.00000000e+00,\n",
    "   3.31416610e-03, -8.14469313e-05,  2.52028052e-02,  0.00000000e+00,\n",
    "   0.00000000e+00,  0.00000000e+00,  0.00000000e+00,  1.00000001e-10],\n",
    " [ 2.00411864e-02, -1.49512244e-03, -5.65532828e-04,  0.00000000e+00,\n",
    "  -1.49512244e-03,  1.26986299e-02,  5.25538391e-03,  0.00000000e+00,\n",
    "  -5.65532828e-04,  5.25538391e-03,  5.46529982e-03,  0.00000000e+00,\n",
    "   0.00000000e+00,  0.00000000e+00,  0.00000000e+00,  1.00000001e-10],\n",
    " [ 2.35884078e-02,  5.61239285e-05, -1.07544409e-02,  0.00000000e+00,\n",
    "   5.61239285e-05,  1.14555136e-04,  1.07443069e-04,  0.00000000e+00,\n",
    "  -1.07544409e-02,  1.07443069e-04,  4.24710736e-02,  0.00000000e+00,\n",
    "   0.00000000e+00,  0.00000000e+00,  0.00000000e+00,  1.00000001e-10],\n",
    " [ 1.60171371e-02,  1.63581455e-03,  6.22076914e-03,  0.00000000e+00,\n",
    "   1.63581455e-03,  1.13340430e-02,  1.12685617e-02,  0.00000000e+00,\n",
    "   6.22076914e-03,  1.12685617e-02,  2.76544057e-02,  0.00000000e+00,\n",
    "   0.00000000e+00,  0.00000000e+00,  0.00000000e+00,  1.00000001e-10],\n",
    " [ 1.18844574e-02, -1.28695856e-05,  5.81483298e-04,  0.00000000e+00,\n",
    "  -1.28695856e-05,  1.02510647e-04, -3.52884264e-04,  0.00000000e+00,\n",
    "   5.81483298e-04, -3.52884264e-04,  3.37835923e-02,  0.00000000e+00,\n",
    "   0.00000000e+00,  0.00000000e+00,  0.00000000e+00,  1.00000001e-10],\n",
    " [ 2.52647884e-02,  1.37471972e-04, -1.68365578e-03,  0.00000000e+00,\n",
    "   1.37471972e-04,  8.30001736e-05,  2.47168035e-04,  0.00000000e+00,\n",
    "  -1.68365578e-03,  2.47168035e-04,  1.98103152e-02,  0.00000000e+00,\n",
    "   0.00000000e+00,  0.00000000e+00,  0.00000000e+00,  1.00000001e-10],\n",
    " [ 2.46431418e-02, -1.08737659e-05,  5.09889517e-03,  0.00000000e+00,\n",
    "  -1.08737659e-05,  8.87902206e-05, -2.83395377e-04,  0.00000000e+00,\n",
    "   5.09889517e-03, -2.83395377e-04,  2.61398535e-02,  0.00000000e+00,\n",
    "   0.00000000e+00,  0.00000000e+00,  0.00000000e+00,  1.00000001e-10],\n",
    " [ 1.94205586e-02,  5.71040327e-05, -2.51929695e-03,  0.00000000e+00,\n",
    "   5.71040327e-05,  1.00250014e-04,  2.15369684e-04,  0.00000000e+00,\n",
    "  -2.51929695e-03,  2.15369684e-04,  2.09402591e-02,  0.00000000e+00,\n",
    "   0.00000000e+00,  0.00000000e+00,  0.00000000e+00,  1.00000001e-10],\n",
    " [ 1.85162835e-02,  1.77725829e-04,  1.49921456e-03,  0.00000000e+00,\n",
    "   1.77725829e-04,  1.07055901e-04, -2.58263262e-05,  0.00000000e+00,\n",
    "   1.49921456e-03, -2.58263262e-05,  7.40349432e-03,  0.00000000e+00,\n",
    "   0.00000000e+00,  0.00000000e+00,  0.00000000e+00,  1.00000001e-10],\n",
    " [ 2.20222175e-02, -1.54068519e-04, -5.98541787e-03,  0.00000000e+00,\n",
    "  -1.54068519e-04,  1.43113153e-04, -2.71093915e-04,  0.00000000e+00,\n",
    "  -5.98541787e-03, -2.71093915e-04,  2.98568048e-02,  0.00000000e+00,\n",
    "   0.00000000e+00,  0.00000000e+00,  0.00000000e+00,  1.00000001e-10],\n",
    " [ 1.33482860e-02,  4.45551844e-03,  1.68880390e-03,  0.00000000e+00,\n",
    "   4.45551844e-03,  1.27184391e-02,  4.95409546e-03,  0.00000000e+00,\n",
    "   1.68880390e-03,  4.95409546e-03,  5.91196911e-03,  0.00000000e+00,\n",
    "   0.00000000e+00,  0.00000000e+00,  0.00000000e+00,  1.00000001e-10]]\n",
    "\n",
    "\n",
    "default_wall_90_deg = [[ 1.07669821e-02,  1.79623638e-03,  7.77633744e-04,  0.00000000e+00,\n",
    "   1.79623638e-03,  4.79415001e-04,  8.03695351e-04,  0.00000000e+00,\n",
    "   7.77633744e-04,  8.03695351e-04,  2.44867206e-02,  0.00000000e+00,\n",
    "   0.00000000e+00,  0.00000000e+00,  0.00000000e+00,  1.00000001e-10],\n",
    " [ 1.47997914e-02,  2.12937291e-03, -3.22822621e-03,  0.00000000e+00,\n",
    "   2.12937291e-03,  4.35533060e-04, -5.83958172e-04,  0.00000000e+00,\n",
    "  -3.22822621e-03, -5.83958172e-04,  2.84123104e-02,  0.00000000e+00,\n",
    "   0.00000000e+00,  0.00000000e+00,  0.00000000e+00,  1.00000001e-10],\n",
    " [ 1.86484344e-02,  3.03580170e-03,  6.65136031e-04,  0.00000000e+00,\n",
    "   3.03580170e-03,  1.15253986e-03,  1.92900433e-03,  0.00000000e+00,\n",
    "   6.65136031e-04,  1.92900433e-03,  2.19173394e-02,  0.00000000e+00,\n",
    "   0.00000000e+00,  0.00000000e+00,  0.00000000e+00,  1.00000001e-10],\n",
    " [ 2.26140134e-02,  3.30134016e-03,  2.22526694e-04,  0.00000000e+00,\n",
    "   3.30134016e-03,  5.89522766e-04,  2.10435974e-04,  0.00000000e+00,\n",
    "   2.22526694e-04,  2.10435974e-04,  2.23097671e-02,  0.00000000e+00,\n",
    "   0.00000000e+00,  0.00000000e+00,  0.00000000e+00,  1.00000001e-10],\n",
    " [ 7.49261165e-03,  9.91852721e-04,  5.14339004e-03,  0.00000000e+00,\n",
    "   9.91852721e-04,  2.33103579e-04,  2.74878519e-04,  0.00000000e+00,\n",
    "   5.14339004e-03,  2.74878519e-04,  5.54314256e-02,  0.00000000e+00,\n",
    "   0.00000000e+00,  0.00000000e+00,  0.00000000e+00,  1.00000001e-10],\n",
    " [ 2.01446470e-02,  3.05569964e-03, -5.80407563e-04,  0.00000000e+00,\n",
    "   3.05569964e-03,  5.52548445e-04, -3.76918906e-04,  0.00000000e+00,\n",
    "  -5.80407563e-04, -3.76918906e-04,  1.53966816e-02,  0.00000000e+00,\n",
    "   0.00000000e+00,  0.00000000e+00,  0.00000000e+00,  1.00000001e-10],\n",
    " [ 1.12877619e-02,  1.60414004e-03,  4.40076040e-03,  0.00000000e+00,\n",
    "   1.60414004e-03,  3.15581972e-04,  5.32000093e-04,  0.00000000e+00,\n",
    "   4.40076040e-03,  5.32000093e-04,  2.22240575e-02,  0.00000000e+00,\n",
    "   0.00000000e+00,  0.00000000e+00,  0.00000000e+00,  1.00000001e-10],\n",
    " [ 3.70570868e-02,  4.20097355e-03, -2.68629449e-03,  0.00000000e+00,\n",
    "   4.20097355e-03,  1.45865197e-03,  1.47053378e-03,  0.00000000e+00,\n",
    "  -2.68629449e-03,  1.47053378e-03,  1.83000807e-02,  0.00000000e+00,\n",
    "   0.00000000e+00,  0.00000000e+00,  0.00000000e+00,  1.00000001e-10],\n",
    " [ 1.99359655e-02,  2.60200165e-03, -4.97001223e-03,  0.00000000e+00,\n",
    "   2.60200165e-03,  4.71362117e-04, -8.60694970e-04,  0.00000000e+00,\n",
    "  -4.97001223e-03, -8.60694970e-04,  2.46627219e-02,  0.00000000e+00,\n",
    "   0.00000000e+00,  0.00000000e+00,  0.00000000e+00,  1.00000001e-10],\n",
    " [ 2.25900225e-02,  3.13226203e-03, -2.26744451e-03,  0.00000000e+00,\n",
    "   3.13226203e-03,  5.64063434e-04, -4.52106120e-04,  0.00000000e+00,\n",
    "  -2.26744451e-03, -4.52106120e-04,  2.57502608e-02,  0.00000000e+00,\n",
    "   0.00000000e+00,  0.00000000e+00,  0.00000000e+00,  1.00000001e-10],\n",
    " [ 8.28231871e-03,  8.41322879e-04,  5.45947114e-03,  0.00000000e+00,\n",
    "   8.41322879e-04,  1.74340690e-04,  3.76521726e-04,  0.00000000e+00,\n",
    "   5.45947114e-03,  3.76521726e-04,  1.66622866e-02,  0.00000000e+00,\n",
    "   0.00000000e+00,  0.00000000e+00,  0.00000000e+00,  1.00000001e-10],\n",
    " [ 1.73647031e-02,  2.42869323e-03, -5.65089693e-04,  0.00000000e+00,\n",
    "   2.42869323e-03,  4.33516194e-04,  6.52648014e-05,  0.00000000e+00,\n",
    "  -5.65089693e-04,  6.52648014e-05,  3.50584835e-02,  0.00000000e+00,\n",
    "   0.00000000e+00,  0.00000000e+00,  0.00000000e+00,  1.00000001e-10],\n",
    " [ 1.28222965e-02,  1.93377491e-03,  7.17996666e-03,  0.00000000e+00,\n",
    "   1.93377491e-03,  3.90792295e-04,  7.69561739e-04,  0.00000000e+00,\n",
    "   7.17996666e-03,  7.69561739e-04,  2.60754786e-02,  0.00000000e+00,\n",
    "   0.00000000e+00,  0.00000000e+00,  0.00000000e+00,  1.00000001e-10],\n",
    " [ 1.56822428e-02,  2.24183383e-03,  8.01488291e-03,  0.00000000e+00,\n",
    "   2.24183383e-03,  4.27440566e-04,  1.01463567e-03,  0.00000000e+00,\n",
    "   8.01488291e-03,  1.01463567e-03,  1.65366251e-02,  0.00000000e+00,\n",
    "   0.00000000e+00,  0.00000000e+00,  0.00000000e+00,  1.00000001e-10],\n",
    " [ 2.08030958e-02,  2.97113182e-03,  4.15995298e-03,  0.00000000e+00,\n",
    "   2.97113182e-03,  5.18939167e-04,  5.55224309e-04,  0.00000000e+00,\n",
    "   4.15995298e-03,  5.55224309e-04,  2.24058665e-02,  0.00000000e+00,\n",
    "   0.00000000e+00,  0.00000000e+00,  0.00000000e+00,  1.00000001e-10],\n",
    " [ 1.60994288e-02,  2.50966521e-03, -1.28318998e-03,  0.00000000e+00,\n",
    "   2.50966521e-03,  4.91620856e-04, -3.52813455e-04,  0.00000000e+00,\n",
    "  -1.28318998e-03, -3.52813455e-04,  1.83129702e-02,  0.00000000e+00,\n",
    "   0.00000000e+00,  0.00000000e+00,  0.00000000e+00,  1.00000001e-10],\n",
    " [ 1.97679326e-02,  2.81499256e-03,  9.79471300e-03,  0.00000000e+00,\n",
    "   2.81499256e-03,  4.93046362e-04,  1.54649757e-03,  0.00000000e+00,\n",
    "   9.79471300e-03,  1.54649757e-03,  1.75762717e-02,  0.00000000e+00,\n",
    "   0.00000000e+00,  0.00000000e+00,  0.00000000e+00,  1.00000001e-10],\n",
    " [ 2.65541896e-02,  3.52183962e-03, -8.74864403e-04,  0.00000000e+00,\n",
    "   3.52183962e-03,  1.08112383e-03,  7.01659708e-04,  0.00000000e+00,\n",
    "  -8.74864403e-04,  7.01659708e-04,  5.95934084e-03,  0.00000000e+00,\n",
    "   0.00000000e+00,  0.00000000e+00,  0.00000000e+00,  1.00000001e-10],\n",
    " [ 1.99022554e-02,  2.65634246e-03,  5.88014582e-03,  0.00000000e+00,\n",
    "   2.65634246e-03,  4.57280141e-04,  5.99249615e-04,  0.00000000e+00,\n",
    "   5.88014582e-03,  5.99249615e-04,  1.30147673e-02,  0.00000000e+00,\n",
    "   0.00000000e+00,  0.00000000e+00,  0.00000000e+00,  1.00000001e-10],\n",
    " [ 2.75744237e-02,  3.93684860e-03, -3.50080780e-03,  0.00000000e+00,\n",
    "   3.93684860e-03,  6.65900123e-04, -3.81996681e-04,  0.00000000e+00,\n",
    "  -3.50080780e-03, -3.81996681e-04,  1.21665457e-02,  0.00000000e+00,\n",
    "   0.00000000e+00,  0.00000000e+00,  0.00000000e+00,  1.00000001e-10],\n",
    " [ 1.31410761e-02,  2.07278621e-03, -2.07851292e-03,  0.00000000e+00,\n",
    "   2.07278621e-03,  4.41498822e-04, -2.14042564e-04,  0.00000000e+00,\n",
    "  -2.07851292e-03, -2.14042564e-04,  1.47257438e-02,  0.00000000e+00,\n",
    "   0.00000000e+00,  0.00000000e+00,  0.00000000e+00,  1.00000001e-10],\n",
    " [ 8.48473050e-03,  1.05098821e-03, -7.04949209e-03,  0.00000000e+00,\n",
    "   1.05098821e-03,  3.61727580e-04, -7.07917206e-04,  0.00000000e+00,\n",
    "  -7.04949209e-03, -7.07917206e-04,  2.05233470e-02,  0.00000000e+00,\n",
    "   0.00000000e+00,  0.00000000e+00,  0.00000000e+00,  1.00000001e-10],\n",
    " [ 3.60276029e-02,  5.47068752e-03,  3.82525730e-03,  0.00000000e+00,\n",
    "   5.47068752e-03,  9.30102426e-04,  5.98969113e-04,  0.00000000e+00,\n",
    "   3.82525730e-03,  5.98969113e-04,  1.05732717e-02,  0.00000000e+00,\n",
    "   0.00000000e+00,  0.00000000e+00,  0.00000000e+00,  1.00000001e-10],\n",
    " [ 1.64344944e-02,  2.60609924e-03,  5.14831254e-03,  0.00000000e+00,\n",
    "   2.60609924e-03,  4.92067891e-04,  9.11919284e-04,  0.00000000e+00,\n",
    "   5.14831254e-03,  9.11919284e-04,  1.76820457e-02,  0.00000000e+00,\n",
    "   0.00000000e+00,  0.00000000e+00,  0.00000000e+00,  1.00000001e-10],\n",
    " [ 2.16645282e-02,  2.93117599e-03, -1.71478372e-03,  0.00000000e+00,\n",
    "   2.93117599e-03,  5.05653734e-04,  3.45462263e-06,  0.00000000e+00,\n",
    "  -1.71478372e-03,  3.45462263e-06,  7.72167603e-03,  0.00000000e+00,\n",
    "   0.00000000e+00,  0.00000000e+00,  0.00000000e+00,  1.00000001e-10],\n",
    " [ 3.29227857e-02,  4.71100584e-03,  3.05263163e-03,  0.00000000e+00,\n",
    "   4.71100584e-03,  8.16438813e-04,  5.78499108e-04,  0.00000000e+00,\n",
    "   3.05263163e-03,  5.78499108e-04,  6.53947610e-03,  0.00000000e+00,\n",
    "   0.00000000e+00,  0.00000000e+00,  0.00000000e+00,  1.00000001e-10],\n",
    " [ 2.05027293e-02,  3.30256764e-03, -8.97383317e-03,  0.00000000e+00,\n",
    "   3.30256764e-03,  6.46684901e-04, -1.27205637e-03,  0.00000000e+00,\n",
    "  -8.97383317e-03, -1.27205637e-03,  1.47796925e-02,  0.00000000e+00,\n",
    "   0.00000000e+00,  0.00000000e+00,  0.00000000e+00,  1.00000001e-10],\n",
    " [ 1.55942980e-02,  2.45312136e-03,  3.03190248e-03,  0.00000000e+00,\n",
    "   2.45312136e-03,  4.59410629e-04,  5.73838013e-04,  0.00000000e+00,\n",
    "   3.03190248e-03,  5.73838013e-04,  1.53992446e-02,  0.00000000e+00,\n",
    "   0.00000000e+00,  0.00000000e+00,  0.00000000e+00,  1.00000001e-10],\n",
    " [ 1.58023220e-02,  2.44066748e-03,  1.38510586e-04, -5.73018318e-16,\n",
    "   2.44066748e-03,  4.48929757e-04,  1.97258822e-04,  1.44400618e-14,\n",
    "   1.38510586e-04,  1.97258822e-04,  3.34861572e-03,  5.15716476e-15,\n",
    "  -5.73018318e-16,  1.44400618e-14,  5.15716476e-15,  1.00000890e-10],\n",
    " [ 5.76962112e-03,  9.90430242e-04, -2.13650428e-03,  0.00000000e+00,\n",
    "   9.90430242e-04,  2.84576701e-04, -3.86486150e-04,  0.00000000e+00,\n",
    "  -2.13650428e-03, -3.86486150e-04,  2.07880829e-02,  0.00000000e+00,\n",
    "   0.00000000e+00,  0.00000000e+00,  0.00000000e+00,  1.00000001e-10],\n",
    " [ 1.75688919e-02,  2.09840527e-03, -2.14629853e-03,  0.00000000e+00,\n",
    "   2.09840527e-03,  1.38587318e-03,  8.45941599e-04,  0.00000000e+00,\n",
    "  -2.14629853e-03,  8.45941599e-04,  4.12352011e-03,  0.00000000e+00,\n",
    "   0.00000000e+00,  0.00000000e+00,  0.00000000e+00,  1.00000001e-10],\n",
    " [ 1.81760341e-02,  2.56576249e-03,  3.27454857e-03,  0.00000000e+00,\n",
    "   2.56576249e-03,  4.47384344e-04,  5.33897139e-04,  0.00000000e+00,\n",
    "   3.27454857e-03,  5.33897139e-04,  1.20430719e-02,  0.00000000e+00,\n",
    "   0.00000000e+00,  0.00000000e+00,  0.00000000e+00,  1.00000001e-10],\n",
    " [ 2.70140190e-02,  3.54310195e-03, -5.38929505e-03,  0.00000000e+00,\n",
    "   3.54310195e-03,  5.59814216e-04, -5.43498492e-04,  0.00000000e+00,\n",
    "  -5.38929505e-03, -5.43498492e-04,  8.75218399e-03,  0.00000000e+00,\n",
    "   0.00000000e+00,  0.00000000e+00,  0.00000000e+00,  1.00000001e-10],\n",
    " [ 1.41857583e-02,  1.88784138e-03,  3.68256937e-03,  0.00000000e+00,\n",
    "   1.88784138e-03,  3.31649993e-04,  2.73960963e-04,  0.00000000e+00,\n",
    "   3.68256937e-03,  2.73960963e-04,  1.54288542e-02,  0.00000000e+00,\n",
    "   0.00000000e+00,  0.00000000e+00,  0.00000000e+00,  1.00000001e-10],\n",
    " [ 1.84875764e-02,  2.87934369e-03,  5.43468399e-04,  0.00000000e+00,\n",
    "   2.87934369e-03,  9.24833934e-04,  8.07089906e-04,  0.00000000e+00,\n",
    "   5.43468399e-04,  8.07089906e-04,  3.49660683e-03,  0.00000000e+00,\n",
    "   0.00000000e+00,  0.00000000e+00,  0.00000000e+00,  1.00000001e-10]]"
   ]
  },
  {
   "cell_type": "code",
   "execution_count": 45,
   "id": "bf917367",
   "metadata": {},
   "outputs": [],
   "source": [
    "default_wall_cov_2 = [[ 1.55260535e-02,  2.19014147e-03, -3.13255982e-03,  0.00000000e+00,\n",
    "   2.19014147e-03,  4.01587517e-04, -1.81172160e-04,  0.00000000e+00,\n",
    "  -3.13255982e-03, -1.81172160e-04,  2.38000508e-02,  0.00000000e+00,\n",
    "   0.00000000e+00,  0.00000000e+00,  0.00000000e+00,  1.00000001e-10],\n",
    " [ 2.68994477e-02,  3.91697558e-03,  3.75225442e-03,  0.00000000e+00,\n",
    "   3.91697558e-03,  6.58864970e-04,  4.85764089e-04,  0.00000000e+00,\n",
    "   3.75225442e-03,  4.85764089e-04,  1.57701597e-02,  0.00000000e+00,\n",
    "   0.00000000e+00,  0.00000000e+00,  0.00000000e+00,  1.00000001e-10],\n",
    " [ 1.05785830e-02,  1.71707035e-03, -3.39485821e-03,  0.00000000e+00,\n",
    "   1.71707035e-03,  3.92329239e-04, -5.50291850e-04,  0.00000000e+00,\n",
    "  -3.39485821e-03, -5.50291850e-04,  1.84747037e-02,  0.00000000e+00,\n",
    "   0.00000000e+00,  0.00000000e+00,  0.00000000e+00,  1.00000001e-10],\n",
    " [ 1.75559670e-02,  2.61166552e-03,  1.51436776e-03,  0.00000000e+00,\n",
    "   2.61166552e-03,  5.20438596e-04,  1.55882692e-04,  0.00000000e+00,\n",
    "   1.51436776e-03,  1.55882692e-04,  7.60809565e-03,  0.00000000e+00,\n",
    "   0.00000000e+00,  0.00000000e+00,  0.00000000e+00,  1.00000001e-10],\n",
    " [ 1.61082596e-02,  2.24505342e-03, -2.35196133e-03,  0.00000000e+00,\n",
    "   2.24505342e-03,  4.12019843e-04, -3.81542020e-04,  0.00000000e+00,\n",
    "  -2.35196133e-03, -3.81542020e-04,  2.84102727e-02,  0.00000000e+00,\n",
    "   0.00000000e+00,  0.00000000e+00,  0.00000000e+00,  1.00000001e-10],\n",
    " [ 1.86826475e-02,  3.86841944e-03,  1.66708475e-03,  0.00000000e+00,\n",
    "   3.86841944e-03,  1.51506846e-03,  1.36926130e-03,  0.00000000e+00,\n",
    "   1.66708475e-03,  1.36926130e-03,  7.90141523e-03,  0.00000000e+00,\n",
    "   0.00000000e+00,  0.00000000e+00,  0.00000000e+00,  1.00000001e-10],\n",
    " [ 1.98374819e-02,  2.52842554e-03,  7.32050696e-03,  0.00000000e+00,\n",
    "   2.52842554e-03,  3.79434961e-04,  7.64692028e-04,  0.00000000e+00,\n",
    "   7.32050696e-03,  7.64692028e-04,  2.51349919e-02,  0.00000000e+00,\n",
    "   0.00000000e+00,  0.00000000e+00,  0.00000000e+00,  1.00000001e-10],\n",
    " [ 2.55819634e-02,  3.91926523e-03,  3.82781669e-04,  0.00000000e+00,\n",
    "   3.91926523e-03,  7.23495090e-04,  2.89446325e-05,  0.00000000e+00,\n",
    "   3.82781669e-04,  2.89446325e-05,  1.93348266e-02,  0.00000000e+00,\n",
    "   0.00000000e+00,  0.00000000e+00,  0.00000000e+00,  1.00000001e-10],\n",
    " [ 1.09750004e-02, -6.77310571e-04, -6.09591836e-03,  0.00000000e+00,\n",
    "  -6.77310571e-04,  5.67567954e-03,  7.90483877e-03,  0.00000000e+00,\n",
    "  -6.09591836e-03,  7.90483877e-03,  3.35473977e-02,  0.00000000e+00,\n",
    "   0.00000000e+00,  0.00000000e+00,  0.00000000e+00,  1.00000001e-10],\n",
    " [ 1.17259584e-02,  1.51311525e-03,  4.70006489e-04,  0.00000000e+00,\n",
    "   1.51311525e-03,  2.81346496e-04,  6.16669131e-05,  0.00000000e+00,\n",
    "   4.70006489e-04,  6.16669131e-05,  1.47685790e-02,  0.00000000e+00,\n",
    "   0.00000000e+00,  0.00000000e+00,  0.00000000e+00,  1.00000001e-10],\n",
    " [ 1.72051098e-02,  2.65604397e-03, -3.57514457e-03,  0.00000000e+00,\n",
    "   2.65604397e-03,  4.68003680e-04, -4.14286333e-04,  0.00000000e+00,\n",
    "  -3.57514457e-03, -4.14286333e-04,  1.59140918e-02,  0.00000000e+00,\n",
    "   0.00000000e+00,  0.00000000e+00,  0.00000000e+00,  1.00000001e-10],\n",
    " [ 3.59768197e-02,  5.30709047e-03,  4.16333321e-03,  0.00000000e+00,\n",
    "   5.30709047e-03,  8.56052618e-04,  5.17433044e-04,  0.00000000e+00,\n",
    "   4.16333321e-03,  5.17433044e-04,  2.11460050e-02,  0.00000000e+00,\n",
    "   0.00000000e+00,  0.00000000e+00,  0.00000000e+00,  1.00000001e-10],\n",
    " [ 1.74518041e-02,  2.42559658e-03,  1.24728447e-03,  0.00000000e+00,\n",
    "   2.42559658e-03,  4.37186478e-04,  1.53026602e-04,  0.00000000e+00,\n",
    "   1.24728447e-03,  1.53026602e-04,  2.22847238e-02,  0.00000000e+00,\n",
    "   0.00000000e+00,  0.00000000e+00,  0.00000000e+00,  1.00000001e-10],\n",
    " [ 1.66632421e-02,  2.44709593e-03, -4.50100377e-03,  0.00000000e+00,\n",
    "   2.44709593e-03,  4.77329013e-04, -3.21799977e-04,  0.00000000e+00,\n",
    "  -4.50100377e-03, -3.21799977e-04,  2.00718623e-02,  0.00000000e+00,\n",
    "   0.00000000e+00,  0.00000000e+00,  0.00000000e+00,  1.00000001e-10],\n",
    " [ 1.73052363e-02,  2.34423694e-03,  2.83806841e-03,  0.00000000e+00,\n",
    "   2.34423694e-03,  4.37209150e-04,  2.70503806e-04,  0.00000000e+00,\n",
    "   2.83806841e-03,  2.70503806e-04,  1.49408123e-02,  0.00000000e+00,\n",
    "   0.00000000e+00,  0.00000000e+00,  0.00000000e+00,  1.00000001e-10],\n",
    " [ 9.39329434e-03,  1.56224763e-03,  1.46868778e-03,  0.00000000e+00,\n",
    "   1.56224763e-03,  3.97820142e-04,  3.40959610e-04,  0.00000000e+00,\n",
    "   1.46868778e-03,  3.40959610e-04,  2.04565637e-02,  0.00000000e+00,\n",
    "   0.00000000e+00,  0.00000000e+00,  0.00000000e+00,  1.00000001e-10],\n",
    " [ 1.99442934e-02,  2.81124609e-03,  6.67205313e-05,  0.00000000e+00,\n",
    "   2.81124609e-03,  4.78142203e-04, -1.82647214e-04,  0.00000000e+00,\n",
    "   6.67205313e-05, -1.82647214e-04,  3.77599299e-02,  0.00000000e+00,\n",
    "   0.00000000e+00,  0.00000000e+00,  0.00000000e+00,  1.00000001e-10],\n",
    " [ 2.78516561e-02,  4.14279709e-03,  1.55124040e-02,  0.00000000e+00,\n",
    "   4.14279709e-03,  6.82620914e-04,  2.07179994e-03,  0.00000000e+00,\n",
    "   1.55124040e-02,  2.07179994e-03,  3.94471958e-02,  0.00000000e+00,\n",
    "   0.00000000e+00,  0.00000000e+00,  0.00000000e+00,  1.00000001e-10],\n",
    " [ 1.70182008e-02,  3.55682243e-03,  2.13383604e-03,  0.00000000e+00,\n",
    "   3.55682243e-03,  2.59801047e-03,  3.40657379e-03,  0.00000000e+00,\n",
    "   2.13383604e-03,  3.40657379e-03,  1.47080747e-02,  0.00000000e+00,\n",
    "   0.00000000e+00,  0.00000000e+00,  0.00000000e+00,  1.00000001e-10],\n",
    " [ 1.04468446e-02,  1.34988711e-03, -1.48586556e-03,  0.00000000e+00,\n",
    "   1.34988711e-03,  3.82818806e-04, -1.75409339e-04,  0.00000000e+00,\n",
    "  -1.48586556e-03, -1.75409339e-04,  9.41611174e-03,  0.00000000e+00,\n",
    "   0.00000000e+00,  0.00000000e+00,  0.00000000e+00,  1.00000001e-10],\n",
    " [ 2.08039135e-02,  2.82587460e-03, -1.66635436e-03,  0.00000000e+00,\n",
    "   2.82587460e-03,  5.10295155e-04,  2.92089881e-05,  0.00000000e+00,\n",
    "  -1.66635436e-03,  2.92089881e-05,  1.80010237e-02,  0.00000000e+00,\n",
    "   0.00000000e+00,  0.00000000e+00,  0.00000000e+00,  1.00000001e-10],\n",
    " [ 1.85738634e-02,  2.50070798e-03, -1.05502075e-02,  0.00000000e+00,\n",
    "   2.50070798e-03,  4.45214449e-04, -1.41153485e-03,  0.00000000e+00,\n",
    "  -1.05502075e-02, -1.41153485e-03,  1.89281162e-02,  0.00000000e+00,\n",
    "   0.00000000e+00,  0.00000000e+00,  0.00000000e+00,  1.00000001e-10],\n",
    " [ 2.32768226e-02,  3.41464928e-03, -1.63152779e-03,  0.00000000e+00,\n",
    "   3.41464928e-03,  6.30770868e-04, -5.02214752e-05,  0.00000000e+00,\n",
    "  -1.63152779e-03, -5.02214752e-05,  1.86594483e-02,  0.00000000e+00,\n",
    "   0.00000000e+00,  0.00000000e+00,  0.00000000e+00,  1.00000001e-10],\n",
    " [ 1.38922045e-02, -1.70458050e-03, -2.52648909e-03,  0.00000000e+00,\n",
    "  -1.70458050e-03,  2.24575447e-03,  1.89205038e-03,  0.00000000e+00,\n",
    "  -2.52648909e-03,  1.89205038e-03,  4.81607066e-03,  0.00000000e+00,\n",
    "   0.00000000e+00,  0.00000000e+00,  0.00000000e+00,  1.00000001e-10],\n",
    " [ 1.10557247e-02,  1.76097255e-03,  2.22208607e-03,  0.00000000e+00,\n",
    "   1.76097255e-03,  3.55135096e-04,  5.72899065e-04,  0.00000000e+00,\n",
    "   2.22208607e-03,  5.72899065e-04,  2.25811321e-02,  0.00000000e+00,\n",
    "   0.00000000e+00,  0.00000000e+00,  0.00000000e+00,  1.00000001e-10],\n",
    " [ 1.93554666e-02,  3.44968657e-03,  7.93805521e-05,  0.00000000e+00,\n",
    "   3.44968657e-03,  5.93608618e-03,  1.37681630e-03,  0.00000000e+00,\n",
    "   7.93805521e-05,  1.37681630e-03,  1.96679356e-03,  0.00000000e+00,\n",
    "   0.00000000e+00,  0.00000000e+00,  0.00000000e+00,  1.00000001e-10],\n",
    " [ 2.44237259e-02,  3.61537538e-03, -1.98266190e-03,  0.00000000e+00,\n",
    "   3.61537538e-03,  6.01199223e-04, -1.57741044e-04,  0.00000000e+00,\n",
    "  -1.98266190e-03, -1.57741044e-04,  8.45909957e-03,  0.00000000e+00,\n",
    "   0.00000000e+00,  0.00000000e+00,  0.00000000e+00,  1.00000001e-10],\n",
    " [ 1.85135175e-02,  2.19556247e-03, -1.11009227e-03,  0.00000000e+00,\n",
    "   2.19556247e-03,  3.46448505e-04, -1.26779894e-04,  0.00000000e+00,\n",
    "  -1.11009227e-03, -1.26779894e-04,  1.09155094e-02,  0.00000000e+00,\n",
    "   0.00000000e+00,  0.00000000e+00,  0.00000000e+00,  1.00000001e-10],\n",
    " [ 1.41156688e-02,  2.02593650e-03,  4.51821880e-03,  0.00000000e+00,\n",
    "   2.02593650e-03,  4.16524534e-04,  6.79363671e-04,  0.00000000e+00,\n",
    "   4.51821880e-03,  6.79363671e-04,  1.78072173e-02,  0.00000000e+00,\n",
    "   0.00000000e+00,  0.00000000e+00,  0.00000000e+00,  1.00000001e-10],\n",
    " [ 1.43588549e-02,  2.09670281e-03, -5.53655264e-04,  0.00000000e+00,\n",
    "   2.09670281e-03,  3.76518903e-04,  5.33092716e-05,  0.00000000e+00,\n",
    "  -5.53655264e-04,  5.33092716e-05,  1.97783597e-02,  0.00000000e+00,\n",
    "   0.00000000e+00,  0.00000000e+00,  0.00000000e+00,  1.00000001e-10],\n",
    " [ 1.81320813e-02,  2.44519254e-03, -7.85936660e-04,  0.00000000e+00,\n",
    "   2.44519254e-03,  4.39138821e-04, -1.06063155e-04,  0.00000000e+00,\n",
    "  -7.85936660e-04, -1.06063155e-04,  1.74655486e-02,  0.00000000e+00,\n",
    "   0.00000000e+00,  0.00000000e+00,  0.00000000e+00,  1.00000001e-10],\n",
    " [ 1.14719002e-02,  1.46522338e-03,  2.83472706e-03,  0.00000000e+00,\n",
    "   1.46522338e-03,  2.46057374e-04,  4.65569145e-04,  0.00000000e+00,\n",
    "   2.83472706e-03,  4.65569145e-04,  2.86489502e-02,  0.00000000e+00,\n",
    "   0.00000000e+00,  0.00000000e+00,  0.00000000e+00,  1.00000001e-10],\n",
    " [ 2.11632494e-02,  3.15332320e-03,  5.17390249e-03,  0.00000000e+00,\n",
    "   3.15332320e-03,  6.02436892e-04,  5.14724059e-04,  0.00000000e+00,\n",
    "   5.17390249e-03,  5.14724059e-04,  1.92836765e-02,  0.00000000e+00,\n",
    "   0.00000000e+00,  0.00000000e+00,  0.00000000e+00,  1.00000001e-10]]\n",
    "\n",
    "\n",
    "corrected_wall_cov_2 = [[ 6.25057099e-03, -2.55927216e-06, -1.84891600e-04, -1.64477472e-15,\n",
    "  -2.55927216e-06,  5.16126347e-05, -4.82739561e-05, -4.73695129e-15,\n",
    "  -1.84891600e-04, -4.82739561e-05,  2.45784447e-02,  6.57909879e-17,\n",
    "  -1.64477472e-15, -4.73695129e-15,  6.57909879e-17,  1.00000890e-10],\n",
    " [ 1.68605875e-02, -1.52299224e-04,  4.34975978e-03,  0.00000000e+00,\n",
    "  -1.52299224e-04,  1.58695475e-04, -3.21405212e-04,  0.00000000e+00,\n",
    "   4.34975978e-03, -3.21405212e-04,  1.08869793e-02,  0.00000000e+00,\n",
    "   0.00000000e+00,  0.00000000e+00,  0.00000000e+00,  1.00000001e-10],\n",
    " [ 1.16833784e-02, -1.42458346e-04, -1.57160382e-03,  6.00286066e-15,\n",
    "  -1.42458346e-04,  7.96663080e-05, -1.19841716e-04,  1.96011767e-15,\n",
    "  -1.57160382e-03, -1.19841716e-04,  1.24345170e-02,  2.08262511e-15,\n",
    "   6.00286066e-15,  1.96011767e-15,  2.08262511e-15,  1.00000890e-10],\n",
    " [ 2.06092764e-02, -1.31338456e-04, -1.19646620e-02,  0.00000000e+00,\n",
    "  -1.31338456e-04,  8.22296643e-05,  3.00902058e-04,  0.00000000e+00,\n",
    "  -1.19646620e-02,  3.00902058e-04,  2.14107651e-02,  0.00000000e+00,\n",
    "   0.00000000e+00,  0.00000000e+00,  0.00000000e+00,  1.00000001e-10],\n",
    " [ 5.83976088e-03,  4.01663501e-03,  1.47508443e-04,  0.00000000e+00,\n",
    "   4.01663501e-03,  1.64237581e-02,  4.80645394e-04,  0.00000000e+00,\n",
    "   1.47508443e-04,  4.80645394e-04,  2.28557110e-04,  0.00000000e+00,\n",
    "   0.00000000e+00,  0.00000000e+00,  0.00000000e+00,  1.00000001e-10],\n",
    " [ 1.44703211e-02, -3.14437173e-04, -4.28596558e-03,  0.00000000e+00,\n",
    "  -3.14437173e-04,  1.02359263e-04,  5.01322269e-04,  0.00000000e+00,\n",
    "  -4.28596558e-03,  5.01322269e-04,  2.49653589e-02,  0.00000000e+00,\n",
    "   0.00000000e+00,  0.00000000e+00,  0.00000000e+00,  1.00000001e-10],\n",
    " [ 8.97683669e-03, -1.91914340e-04, -1.85999891e-03,  1.21807319e-14,\n",
    "  -1.91914340e-04,  1.62996614e-04, -1.67669041e-05,  5.00763405e-14,\n",
    "  -1.85999891e-03, -1.67669041e-05,  4.97669028e-03,  8.45884116e-15,\n",
    "   1.21807319e-14,  5.00763405e-14,  8.45884116e-15,  1.00003554e-10],\n",
    " [ 1.36070484e-02,  1.15808740e-03, -5.47485717e-04,  0.00000000e+00,\n",
    "   1.15808740e-03,  2.09695399e-02,  6.39609993e-03,  0.00000000e+00,\n",
    "  -5.47485717e-04,  6.39609993e-03,  6.15743035e-03,  0.00000000e+00,\n",
    "   0.00000000e+00,  0.00000000e+00,  0.00000000e+00,  1.00000001e-10],\n",
    " [ 7.20077287e-03,  8.71255761e-05, -2.54685665e-03, -1.52259149e-15,\n",
    "   8.71255761e-05,  8.45204559e-05, -5.71177748e-04,  5.07530495e-15,\n",
    "  -2.54685665e-03, -5.71177748e-04,  2.48173140e-02, -5.07530495e-16,\n",
    "  -1.52259149e-15,  5.07530495e-15, -5.07530495e-16,  1.00000890e-10],\n",
    " [ 2.44990289e-02, -3.31458403e-04,  4.22570040e-04,  0.00000000e+00,\n",
    "  -3.31458403e-04,  1.15026400e-04,  9.09720984e-05,  0.00000000e+00,\n",
    "   4.22570040e-04,  9.09720984e-05,  2.49628089e-02,  0.00000000e+00,\n",
    "   0.00000000e+00,  0.00000000e+00,  0.00000000e+00,  1.00000001e-10],\n",
    " [ 1.78524088e-02, -3.29648698e-04,  1.93296582e-03,  0.00000000e+00,\n",
    "  -3.29648698e-04,  6.91719865e-03,  2.82765040e-03,  0.00000000e+00,\n",
    "   1.93296582e-03,  2.82765040e-03,  3.96518363e-03,  0.00000000e+00,\n",
    "   0.00000000e+00,  0.00000000e+00,  0.00000000e+00,  1.00000001e-10],\n",
    " [ 2.13420838e-02,  7.43632205e-03,  1.88762147e-03,  0.00000000e+00,\n",
    "   7.43632205e-03,  1.02464352e-02,  4.03300906e-03,  0.00000000e+00,\n",
    "   1.88762147e-03,  4.03300906e-03,  5.18570701e-03,  0.00000000e+00,\n",
    "   0.00000000e+00,  0.00000000e+00,  0.00000000e+00,  1.00000001e-10],\n",
    " [ 2.34235078e-02, -6.69370420e-05, -2.58733123e-03,  0.00000000e+00,\n",
    "  -6.69370420e-05,  9.99758922e-05, -5.39667562e-05,  0.00000000e+00,\n",
    "  -2.58733123e-03, -5.39667562e-05,  2.77546328e-02,  0.00000000e+00,\n",
    "   0.00000000e+00,  0.00000000e+00,  0.00000000e+00,  1.00000001e-10],\n",
    " [ 1.28032137e-02,  2.00025999e-04, -6.27061212e-03,  0.00000000e+00,\n",
    "   2.00025999e-04,  8.05262098e-05, -1.42366407e-05,  0.00000000e+00,\n",
    "  -6.27061212e-03, -1.42366407e-05,  2.08010841e-02,  0.00000000e+00,\n",
    "   0.00000000e+00,  0.00000000e+00,  0.00000000e+00,  1.00000001e-10],\n",
    " [ 1.82934813e-02,  4.07902698e-04, -1.02177132e-02,  0.00000000e+00,\n",
    "   4.07902698e-04,  1.01627746e-04, -1.62322409e-04,  0.00000000e+00,\n",
    "  -1.02177132e-02, -1.62322409e-04,  2.27979999e-02,  0.00000000e+00,\n",
    "   0.00000000e+00,  0.00000000e+00,  0.00000000e+00,  1.00000001e-10],\n",
    " [ 1.29467938e-02,  2.90496173e-05, -1.04989600e-03,  0.00000000e+00,\n",
    "   2.90496173e-05,  9.03329783e-05,  3.32936062e-04,  0.00000000e+00,\n",
    "  -1.04989600e-03,  3.32936062e-04,  1.71714444e-02,  0.00000000e+00,\n",
    "   0.00000000e+00,  0.00000000e+00,  0.00000000e+00,  1.00000001e-10],\n",
    " [ 1.25946188e-02,  2.54772673e-03,  1.28098472e-03,  0.00000000e+00,\n",
    "   2.54772673e-03,  1.60312019e-02,  5.75387944e-03,  0.00000000e+00,\n",
    "   1.28098472e-03,  5.75387944e-03,  5.42496238e-03,  0.00000000e+00,\n",
    "   0.00000000e+00,  0.00000000e+00,  0.00000000e+00,  1.00000001e-10],\n",
    " [ 3.29890959e-02,  1.95393532e-05, -2.57966621e-03,  0.00000000e+00,\n",
    "   1.95393532e-05,  9.84735743e-05,  1.66144848e-04,  0.00000000e+00,\n",
    "  -2.57966621e-03,  1.66144848e-04,  1.71820670e-02,  0.00000000e+00,\n",
    "   0.00000000e+00,  0.00000000e+00,  0.00000000e+00,  1.00000001e-10],\n",
    " [ 2.43531447e-02, -2.18285364e-03,  1.16125317e-04,  0.00000000e+00,\n",
    "  -2.18285364e-03,  6.43006479e-03, -6.83904073e-05,  0.00000000e+00,\n",
    "   1.16125317e-04, -6.83904073e-05,  1.83056443e-04,  0.00000000e+00,\n",
    "   0.00000000e+00,  0.00000000e+00,  0.00000000e+00,  1.00000001e-10],\n",
    " [ 1.55992387e-02, -3.58747027e-04, -3.12019954e-03,  0.00000000e+00,\n",
    "  -3.58747027e-04,  1.15357318e-04,  2.67020605e-05,  0.00000000e+00,\n",
    "  -3.12019954e-03,  2.67020605e-05,  1.94734242e-02,  0.00000000e+00,\n",
    "   0.00000000e+00,  0.00000000e+00,  0.00000000e+00,  1.00000001e-10],\n",
    " [ 1.59269050e-02,  3.10256903e-04, -1.51016435e-03,  0.00000000e+00,\n",
    "   3.10256903e-04,  9.89826731e-05, -3.92309594e-05,  0.00000000e+00,\n",
    "  -1.51016435e-03, -3.92309594e-05,  1.37325870e-02,  0.00000000e+00,\n",
    "   0.00000000e+00,  0.00000000e+00,  0.00000000e+00,  1.00000001e-10],\n",
    " [ 7.23584322e-03,  3.23749642e-04,  1.32288726e-03,  0.00000000e+00,\n",
    "   3.23749642e-04,  1.16817107e-04,  3.21492669e-04,  0.00000000e+00,\n",
    "   1.32288726e-03,  3.21492669e-04,  2.57290751e-02,  0.00000000e+00,\n",
    "   0.00000000e+00,  0.00000000e+00,  0.00000000e+00,  1.00000001e-10],\n",
    " [ 1.56989843e-02, -1.24113154e-04,  1.67848263e-03,  0.00000000e+00,\n",
    "  -1.24113154e-04,  8.65437905e-05,  7.35861759e-05,  0.00000000e+00,\n",
    "   1.67848263e-03,  7.35861759e-05,  2.50308365e-02,  0.00000000e+00,\n",
    "   0.00000000e+00,  0.00000000e+00,  0.00000000e+00,  1.00000001e-10],\n",
    " [ 1.37711465e-02, -1.60858239e-04, -1.35461870e-03,  1.00660218e-14,\n",
    "  -1.60858239e-04,  7.37766895e-05, -7.85075736e-06, -6.15803668e-15,\n",
    "  -1.35461870e-03, -7.85075736e-06,  1.00703286e-02,  2.96059445e-15,\n",
    "   1.00660218e-14, -6.15803668e-15,  2.96059445e-15,  1.00000890e-10],\n",
    " [ 1.92034654e-02,  3.46514018e-04,  2.10550195e-03,  0.00000000e+00,\n",
    "   3.46514018e-04,  1.22992657e-04, -1.78653936e-04,  0.00000000e+00,\n",
    "   2.10550195e-03, -1.78653936e-04,  1.26926480e-02,  0.00000000e+00,\n",
    "   0.00000000e+00,  0.00000000e+00,  0.00000000e+00,  1.00000001e-10],\n",
    " [ 1.72503162e-02,  1.81886440e-04, -2.75832275e-03,  0.00000000e+00,\n",
