import numpy as np

corrected_wall_90_deg = [[ 2.35380325e-02,  2.56796739e-05, -1.55391439e-03,  0.00000000e+00,
   2.56796739e-05,  7.93246145e-05, -9.68469903e-05,  0.00000000e+00,
  -1.55391439e-03, -9.68469903e-05,  2.97766905e-02,  0.00000000e+00,
   0.00000000e+00,  0.00000000e+00,  0.00000000e+00,  1.00000001e-10],
 [ 3.85130458e-02,  3.79618187e-03,  3.80248204e-03,  0.00000000e+00,
   3.79618187e-03,  1.22737102e-02,  4.47363686e-03,  0.00000000e+00,
   3.80248204e-03,  4.47363686e-03,  5.21464413e-03,  0.00000000e+00,
   0.00000000e+00,  0.00000000e+00,  0.00000000e+00,  1.00000001e-10],
 [ 2.71527432e-02,  2.61628065e-05, -6.62302459e-03,  0.00000000e+00,
   2.61628065e-05,  8.68357747e-05, -4.54186142e-04,  0.00000000e+00,
  -6.62302459e-03, -4.54186142e-04,  2.82598697e-02,  0.00000000e+00,
   0.00000000e+00,  0.00000000e+00,  0.00000000e+00,  1.00000001e-10],
 [ 1.22893499e-02,  1.71765932e-04,  6.50534581e-04,  0.00000000e+00,
   1.71765932e-04,  7.11450266e-05,  4.82931173e-05,  0.00000000e+00,
   6.50534581e-04,  4.82931173e-05,  2.37708241e-02,  0.00000000e+00,
   0.00000000e+00,  0.00000000e+00,  0.00000000e+00,  1.00000001e-10],
 [ 3.58266272e-02, -7.73367239e-03, -1.10107306e-02,  0.00000000e+00,
  -7.73367239e-03,  8.33728630e-03,  7.75921158e-03,  0.00000000e+00,
  -1.10107306e-02,  7.75921158e-03,  2.16463469e-02,  0.00000000e+00,
   0.00000000e+00,  0.00000000e+00,  0.00000000e+00,  1.00000001e-10],
 [ 1.44778034e-02,  4.67989687e-03,  6.73519634e-03,  0.00000000e+00,
   4.67989687e-03,  1.04556577e-02,  1.03074871e-02,  0.00000000e+00,
   6.73519634e-03,  1.03074871e-02,  2.63823643e-02,  0.00000000e+00,
   0.00000000e+00,  0.00000000e+00,  0.00000000e+00,  1.00000001e-10],
 [ 1.64123867e-02,  9.22380932e-05,  2.61585531e-03,  0.00000000e+00,
   9.22380932e-05,  1.00426849e-04,  1.42747958e-04,  0.00000000e+00,
   2.61585531e-03,  1.42747958e-04,  4.94720638e-02,  0.00000000e+00,
   0.00000000e+00,  0.00000000e+00,  0.00000000e+00,  1.00000001e-10],
 [ 3.45311910e-02, -1.22662634e-04, -3.53920856e-04,  0.00000000e+00,
  -1.22662634e-04,  1.03686289e-04,  1.59199524e-04,  0.00000000e+00,
  -3.53920856e-04,  1.59199524e-04,  1.90559644e-02,  0.00000000e+00,
   0.00000000e+00,  0.00000000e+00,  0.00000000e+00,  1.00000001e-10],
 [ 2.83660144e-02,  4.12118767e-04,  5.71288774e-03,  0.00000000e+00,
   4.12118767e-04,  8.86243579e-05,  1.43176367e-04,  0.00000000e+00,
   5.71288774e-03,  1.43176367e-04,  2.96718441e-02,  0.00000000e+00,
   0.00000000e+00,  0.00000000e+00,  0.00000000e+00,  1.00000001e-10],
 [ 2.12679617e-02, -1.18517154e-03, -1.12233439e-03,  0.00000000e+00,
  -1.18517154e-03,  1.23373009e-02,  4.91475314e-03,  0.00000000e+00,
  -1.12233439e-03,  4.91475314e-03,  5.55179827e-03,  0.00000000e+00,
   0.00000000e+00,  0.00000000e+00,  0.00000000e+00,  1.00000001e-10],
 [ 2.51193885e-02,  4.29748980e-05,  2.79704737e-03,  0.00000000e+00,
   4.29748980e-05,  1.14614813e-04,  8.70092626e-05,  0.00000000e+00,
   2.79704737e-03,  8.70092626e-05,  1.72859635e-02,  0.00000000e+00,
   0.00000000e+00,  0.00000000e+00,  0.00000000e+00,  1.00000001e-10],
 [ 3.22982818e-02,  4.03240643e-04, -1.74507510e-03,  0.00000000e+00,
   4.03240643e-04,  8.67768904e-05,  2.12337545e-05,  0.00000000e+00,
  -1.74507510e-03,  2.12337545e-05,  2.75492482e-02,  0.00000000e+00,
   0.00000000e+00,  0.00000000e+00,  0.00000000e+00,  1.00000001e-10],
 [ 2.36906391e-02,  1.90551963e-03, -1.02559815e-03,  0.00000000e+00,
   1.90551963e-03,  3.46489460e-03,  3.96616012e-03,  0.00000000e+00,
  -1.02559815e-03,  3.96616012e-03,  1.45427408e-02,  0.00000000e+00,
   0.00000000e+00,  0.00000000e+00,  0.00000000e+00,  1.00000001e-10],
 [ 6.04543760e-02,  1.80985749e-04, -4.16218443e-03,  0.00000000e+00,
   1.80985749e-04,  8.61975786e-05,  2.41697635e-05,  0.00000000e+00,
  -4.16218443e-03,  2.41697635e-05,  1.59407556e-02,  0.00000000e+00,
   0.00000000e+00,  0.00000000e+00,  0.00000000e+00,  1.00000001e-10],
 [ 3.93548496e-02,  1.23767837e-04,  2.48005311e-03,  0.00000000e+00,
   1.23767837e-04,  1.14401570e-04,  1.18247437e-04,  0.00000000e+00,
   2.48005311e-03,  1.18247437e-04,  1.09675657e-02,  0.00000000e+00,
   0.00000000e+00,  0.00000000e+00,  0.00000000e+00,  1.00000001e-10],
 [ 2.61903331e-02, -2.08320009e-04,  1.31191616e-03,  0.00000000e+00,
  -2.08320009e-04,  1.19774209e-04,  4.32622801e-05,  0.00000000e+00,
   1.31191616e-03,  4.32622801e-05,  1.63747258e-02,  0.00000000e+00,
   0.00000000e+00,  0.00000000e+00,  0.00000000e+00,  1.00000001e-10],
 [ 3.66079472e-02,  2.98185405e-05,  1.36768939e-02,  0.00000000e+00,
   2.98185405e-05,  8.86341659e-05,  1.76791262e-04,  0.00000000e+00,
   1.36768939e-02,  1.76791262e-04,  2.51187608e-02,  0.00000000e+00,
   0.00000000e+00,  0.00000000e+00,  0.00000000e+00,  1.00000001e-10],
 [ 2.78350655e-02,  1.35843846e-04, -5.25157992e-03,  0.00000000e+00,
   1.35843846e-04,  1.05994463e-04, -1.38460993e-04,  0.00000000e+00,
  -5.25157992e-03, -1.38460993e-04,  4.37787175e-02,  0.00000000e+00,
   0.00000000e+00,  0.00000000e+00,  0.00000000e+00,  1.00000001e-10],
 [ 2.66501140e-02, -4.80894923e-05,  2.97896238e-03,  0.00000000e+00,
  -4.80894923e-05,  9.25319328e-05,  2.66197632e-04,  0.00000000e+00,
   2.97896238e-03,  2.66197632e-04,  2.98621282e-02,  0.00000000e+00,
   0.00000000e+00,  0.00000000e+00,  0.00000000e+00,  1.00000001e-10],
 [ 1.11423638e-02, -3.53643009e-05,  3.65150510e-03,  0.00000000e+00,
  -3.53643009e-05,  1.05506952e-04,  6.49500653e-05,  0.00000000e+00,
   3.65150510e-03,  6.49500653e-05,  3.93464006e-02,  0.00000000e+00,
   0.00000000e+00,  0.00000000e+00,  0.00000000e+00,  1.00000001e-10],
 [ 3.99406888e-02, -5.14372659e-05,  3.31416610e-03,  0.00000000e+00,
  -5.14372659e-05,  9.77270975e-05, -8.14469313e-05,  0.00000000e+00,
   3.31416610e-03, -8.14469313e-05,  2.52028052e-02,  0.00000000e+00,
   0.00000000e+00,  0.00000000e+00,  0.00000000e+00,  1.00000001e-10],
 [ 2.00411864e-02, -1.49512244e-03, -5.65532828e-04,  0.00000000e+00,
  -1.49512244e-03,  1.26986299e-02,  5.25538391e-03,  0.00000000e+00,
  -5.65532828e-04,  5.25538391e-03,  5.46529982e-03,  0.00000000e+00,
   0.00000000e+00,  0.00000000e+00,  0.00000000e+00,  1.00000001e-10],
 [ 2.35884078e-02,  5.61239285e-05, -1.07544409e-02,  0.00000000e+00,
   5.61239285e-05,  1.14555136e-04,  1.07443069e-04,  0.00000000e+00,
  -1.07544409e-02,  1.07443069e-04,  4.24710736e-02,  0.00000000e+00,
   0.00000000e+00,  0.00000000e+00,  0.00000000e+00,  1.00000001e-10],
 [ 1.60171371e-02,  1.63581455e-03,  6.22076914e-03,  0.00000000e+00,
   1.63581455e-03,  1.13340430e-02,  1.12685617e-02,  0.00000000e+00,
   6.22076914e-03,  1.12685617e-02,  2.76544057e-02,  0.00000000e+00,
   0.00000000e+00,  0.00000000e+00,  0.00000000e+00,  1.00000001e-10],
 [ 1.18844574e-02, -1.28695856e-05,  5.81483298e-04,  0.00000000e+00,
  -1.28695856e-05,  1.02510647e-04, -3.52884264e-04,  0.00000000e+00,
   5.81483298e-04, -3.52884264e-04,  3.37835923e-02,  0.00000000e+00,
   0.00000000e+00,  0.00000000e+00,  0.00000000e+00,  1.00000001e-10],
 [ 2.52647884e-02,  1.37471972e-04, -1.68365578e-03,  0.00000000e+00,
   1.37471972e-04,  8.30001736e-05,  2.47168035e-04,  0.00000000e+00,
  -1.68365578e-03,  2.47168035e-04,  1.98103152e-02,  0.00000000e+00,
   0.00000000e+00,  0.00000000e+00,  0.00000000e+00,  1.00000001e-10],
 [ 2.46431418e-02, -1.08737659e-05,  5.09889517e-03,  0.00000000e+00,
  -1.08737659e-05,  8.87902206e-05, -2.83395377e-04,  0.00000000e+00,
   5.09889517e-03, -2.83395377e-04,  2.61398535e-02,  0.00000000e+00,
   0.00000000e+00,  0.00000000e+00,  0.00000000e+00,  1.00000001e-10],
 [ 1.94205586e-02,  5.71040327e-05, -2.51929695e-03,  0.00000000e+00,
   5.71040327e-05,  1.00250014e-04,  2.15369684e-04,  0.00000000e+00,
  -2.51929695e-03,  2.15369684e-04,  2.09402591e-02,  0.00000000e+00,
   0.00000000e+00,  0.00000000e+00,  0.00000000e+00,  1.00000001e-10],
 [ 1.85162835e-02,  1.77725829e-04,  1.49921456e-03,  0.00000000e+00,
   1.77725829e-04,  1.07055901e-04, -2.58263262e-05,  0.00000000e+00,
   1.49921456e-03, -2.58263262e-05,  7.40349432e-03,  0.00000000e+00,
   0.00000000e+00,  0.00000000e+00,  0.00000000e+00,  1.00000001e-10],
 [ 2.20222175e-02, -1.54068519e-04, -5.98541787e-03,  0.00000000e+00,
  -1.54068519e-04,  1.43113153e-04, -2.71093915e-04,  0.00000000e+00,
  -5.98541787e-03, -2.71093915e-04,  2.98568048e-02,  0.00000000e+00,
   0.00000000e+00,  0.00000000e+00,  0.00000000e+00,  1.00000001e-10],
 [ 1.33482860e-02,  4.45551844e-03,  1.68880390e-03,  0.00000000e+00,
   4.45551844e-03,  1.27184391e-02,  4.95409546e-03,  0.00000000e+00,
   1.68880390e-03,  4.95409546e-03,  5.91196911e-03,  0.00000000e+00,
   0.00000000e+00,  0.00000000e+00,  0.00000000e+00,  1.00000001e-10]]


default_wall_90_deg = [[ 1.07669821e-02,  1.79623638e-03,  7.77633744e-04,  0.00000000e+00,
   1.79623638e-03,  4.79415001e-04,  8.03695351e-04,  0.00000000e+00,
   7.77633744e-04,  8.03695351e-04,  2.44867206e-02,  0.00000000e+00,
   0.00000000e+00,  0.00000000e+00,  0.00000000e+00,  1.00000001e-10],
 [ 1.47997914e-02,  2.12937291e-03, -3.22822621e-03,  0.00000000e+00,
   2.12937291e-03,  4.35533060e-04, -5.83958172e-04,  0.00000000e+00,
  -3.22822621e-03, -5.83958172e-04,  2.84123104e-02,  0.00000000e+00,
   0.00000000e+00,  0.00000000e+00,  0.00000000e+00,  1.00000001e-10],
 [ 1.86484344e-02,  3.03580170e-03,  6.65136031e-04,  0.00000000e+00,
   3.03580170e-03,  1.15253986e-03,  1.92900433e-03,  0.00000000e+00,
   6.65136031e-04,  1.92900433e-03,  2.19173394e-02,  0.00000000e+00,
   0.00000000e+00,  0.00000000e+00,  0.00000000e+00,  1.00000001e-10],
 [ 2.26140134e-02,  3.30134016e-03,  2.22526694e-04,  0.00000000e+00,
   3.30134016e-03,  5.89522766e-04,  2.10435974e-04,  0.00000000e+00,
   2.22526694e-04,  2.10435974e-04,  2.23097671e-02,  0.00000000e+00,
   0.00000000e+00,  0.00000000e+00,  0.00000000e+00,  1.00000001e-10],
 [ 7.49261165e-03,  9.91852721e-04,  5.14339004e-03,  0.00000000e+00,
   9.91852721e-04,  2.33103579e-04,  2.74878519e-04,  0.00000000e+00,
   5.14339004e-03,  2.74878519e-04,  5.54314256e-02,  0.00000000e+00,
   0.00000000e+00,  0.00000000e+00,  0.00000000e+00,  1.00000001e-10],
 [ 2.01446470e-02,  3.05569964e-03, -5.80407563e-04,  0.00000000e+00,
   3.05569964e-03,  5.52548445e-04, -3.76918906e-04,  0.00000000e+00,
  -5.80407563e-04, -3.76918906e-04,  1.53966816e-02,  0.00000000e+00,
   0.00000000e+00,  0.00000000e+00,  0.00000000e+00,  1.00000001e-10],
 [ 1.12877619e-02,  1.60414004e-03,  4.40076040e-03,  0.00000000e+00,
   1.60414004e-03,  3.15581972e-04,  5.32000093e-04,  0.00000000e+00,
   4.40076040e-03,  5.32000093e-04,  2.22240575e-02,  0.00000000e+00,
   0.00000000e+00,  0.00000000e+00,  0.00000000e+00,  1.00000001e-10],
 [ 3.70570868e-02,  4.20097355e-03, -2.68629449e-03,  0.00000000e+00,
   4.20097355e-03,  1.45865197e-03,  1.47053378e-03,  0.00000000e+00,
  -2.68629449e-03,  1.47053378e-03,  1.83000807e-02,  0.00000000e+00,
   0.00000000e+00,  0.00000000e+00,  0.00000000e+00,  1.00000001e-10],
 [ 1.99359655e-02,  2.60200165e-03, -4.97001223e-03,  0.00000000e+00,
   2.60200165e-03,  4.71362117e-04, -8.60694970e-04,  0.00000000e+00,
  -4.97001223e-03, -8.60694970e-04,  2.46627219e-02,  0.00000000e+00,
   0.00000000e+00,  0.00000000e+00,  0.00000000e+00,  1.00000001e-10],
 [ 2.25900225e-02,  3.13226203e-03, -2.26744451e-03,  0.00000000e+00,
   3.13226203e-03,  5.64063434e-04, -4.52106120e-04,  0.00000000e+00,
  -2.26744451e-03, -4.52106120e-04,  2.57502608e-02,  0.00000000e+00,
   0.00000000e+00,  0.00000000e+00,  0.00000000e+00,  1.00000001e-10],
 [ 8.28231871e-03,  8.41322879e-04,  5.45947114e-03,  0.00000000e+00,
   8.41322879e-04,  1.74340690e-04,  3.76521726e-04,  0.00000000e+00,
   5.45947114e-03,  3.76521726e-04,  1.66622866e-02,  0.00000000e+00,
   0.00000000e+00,  0.00000000e+00,  0.00000000e+00,  1.00000001e-10],
 [ 1.73647031e-02,  2.42869323e-03, -5.65089693e-04,  0.00000000e+00,
   2.42869323e-03,  4.33516194e-04,  6.52648014e-05,  0.00000000e+00,
  -5.65089693e-04,  6.52648014e-05,  3.50584835e-02,  0.00000000e+00,
   0.00000000e+00,  0.00000000e+00,  0.00000000e+00,  1.00000001e-10],
 [ 1.28222965e-02,  1.93377491e-03,  7.17996666e-03,  0.00000000e+00,
   1.93377491e-03,  3.90792295e-04,  7.69561739e-04,  0.00000000e+00,
   7.17996666e-03,  7.69561739e-04,  2.60754786e-02,  0.00000000e+00,
   0.00000000e+00,  0.00000000e+00,  0.00000000e+00,  1.00000001e-10],
 [ 1.56822428e-02,  2.24183383e-03,  8.01488291e-03,  0.00000000e+00,
   2.24183383e-03,  4.27440566e-04,  1.01463567e-03,  0.00000000e+00,
   8.01488291e-03,  1.01463567e-03,  1.65366251e-02,  0.00000000e+00,
   0.00000000e+00,  0.00000000e+00,  0.00000000e+00,  1.00000001e-10],
 [ 2.08030958e-02,  2.97113182e-03,  4.15995298e-03,  0.00000000e+00,
   2.97113182e-03,  5.18939167e-04,  5.55224309e-04,  0.00000000e+00,
   4.15995298e-03,  5.55224309e-04,  2.24058665e-02,  0.00000000e+00,
   0.00000000e+00,  0.00000000e+00,  0.00000000e+00,  1.00000001e-10],
 [ 1.60994288e-02,  2.50966521e-03, -1.28318998e-03,  0.00000000e+00,
   2.50966521e-03,  4.91620856e-04, -3.52813455e-04,  0.00000000e+00,
  -1.28318998e-03, -3.52813455e-04,  1.83129702e-02,  0.00000000e+00,
   0.00000000e+00,  0.00000000e+00,  0.00000000e+00,  1.00000001e-10],
 [ 1.97679326e-02,  2.81499256e-03,  9.79471300e-03,  0.00000000e+00,
   2.81499256e-03,  4.93046362e-04,  1.54649757e-03,  0.00000000e+00,
   9.79471300e-03,  1.54649757e-03,  1.75762717e-02,  0.00000000e+00,
   0.00000000e+00,  0.00000000e+00,  0.00000000e+00,  1.00000001e-10],
 [ 2.65541896e-02,  3.52183962e-03, -8.74864403e-04,  0.00000000e+00,
   3.52183962e-03,  1.08112383e-03,  7.01659708e-04,  0.00000000e+00,
  -8.74864403e-04,  7.01659708e-04,  5.95934084e-03,  0.00000000e+00,
   0.00000000e+00,  0.00000000e+00,  0.00000000e+00,  1.00000001e-10],
 [ 1.99022554e-02,  2.65634246e-03,  5.88014582e-03,  0.00000000e+00,
   2.65634246e-03,  4.57280141e-04,  5.99249615e-04,  0.00000000e+00,
   5.88014582e-03,  5.99249615e-04,  1.30147673e-02,  0.00000000e+00,
   0.00000000e+00,  0.00000000e+00,  0.00000000e+00,  1.00000001e-10],
 [ 2.75744237e-02,  3.93684860e-03, -3.50080780e-03,  0.00000000e+00,
   3.93684860e-03,  6.65900123e-04, -3.81996681e-04,  0.00000000e+00,
  -3.50080780e-03, -3.81996681e-04,  1.21665457e-02,  0.00000000e+00,
   0.00000000e+00,  0.00000000e+00,  0.00000000e+00,  1.00000001e-10],
 [ 1.31410761e-02,  2.07278621e-03, -2.07851292e-03,  0.00000000e+00,
   2.07278621e-03,  4.41498822e-04, -2.14042564e-04,  0.00000000e+00,
  -2.07851292e-03, -2.14042564e-04,  1.47257438e-02,  0.00000000e+00,
   0.00000000e+00,  0.00000000e+00,  0.00000000e+00,  1.00000001e-10],
 [ 8.48473050e-03,  1.05098821e-03, -7.04949209e-03,  0.00000000e+00,
   1.05098821e-03,  3.61727580e-04, -7.07917206e-04,  0.00000000e+00,
  -7.04949209e-03, -7.07917206e-04,  2.05233470e-02,  0.00000000e+00,
   0.00000000e+00,  0.00000000e+00,  0.00000000e+00,  1.00000001e-10],
 [ 3.60276029e-02,  5.47068752e-03,  3.82525730e-03,  0.00000000e+00,
   5.47068752e-03,  9.30102426e-04,  5.98969113e-04,  0.00000000e+00,
   3.82525730e-03,  5.98969113e-04,  1.05732717e-02,  0.00000000e+00,
   0.00000000e+00,  0.00000000e+00,  0.00000000e+00,  1.00000001e-10],
 [ 1.64344944e-02,  2.60609924e-03,  5.14831254e-03,  0.00000000e+00,
   2.60609924e-03,  4.92067891e-04,  9.11919284e-04,  0.00000000e+00,
   5.14831254e-03,  9.11919284e-04,  1.76820457e-02,  0.00000000e+00,
   0.00000000e+00,  0.00000000e+00,  0.00000000e+00,  1.00000001e-10],
 [ 2.16645282e-02,  2.93117599e-03, -1.71478372e-03,  0.00000000e+00,
   2.93117599e-03,  5.05653734e-04,  3.45462263e-06,  0.00000000e+00,
  -1.71478372e-03,  3.45462263e-06,  7.72167603e-03,  0.00000000e+00,
   0.00000000e+00,  0.00000000e+00,  0.00000000e+00,  1.00000001e-10],
 [ 3.29227857e-02,  4.71100584e-03,  3.05263163e-03,  0.00000000e+00,
   4.71100584e-03,  8.16438813e-04,  5.78499108e-04,  0.00000000e+00,
   3.05263163e-03,  5.78499108e-04,  6.53947610e-03,  0.00000000e+00,
   0.00000000e+00,  0.00000000e+00,  0.00000000e+00,  1.00000001e-10],
 [ 2.05027293e-02,  3.30256764e-03, -8.97383317e-03,  0.00000000e+00,
   3.30256764e-03,  6.46684901e-04, -1.27205637e-03,  0.00000000e+00,
  -8.97383317e-03, -1.27205637e-03,  1.47796925e-02,  0.00000000e+00,
   0.00000000e+00,  0.00000000e+00,  0.00000000e+00,  1.00000001e-10],
 [ 1.55942980e-02,  2.45312136e-03,  3.03190248e-03,  0.00000000e+00,
   2.45312136e-03,  4.59410629e-04,  5.73838013e-04,  0.00000000e+00,
   3.03190248e-03,  5.73838013e-04,  1.53992446e-02,  0.00000000e+00,
   0.00000000e+00,  0.00000000e+00,  0.00000000e+00,  1.00000001e-10],
 [ 1.58023220e-02,  2.44066748e-03,  1.38510586e-04, -5.73018318e-16,
   2.44066748e-03,  4.48929757e-04,  1.97258822e-04,  1.44400618e-14,
   1.38510586e-04,  1.97258822e-04,  3.34861572e-03,  5.15716476e-15,
  -5.73018318e-16,  1.44400618e-14,  5.15716476e-15,  1.00000890e-10],
 [ 5.76962112e-03,  9.90430242e-04, -2.13650428e-03,  0.00000000e+00,
   9.90430242e-04,  2.84576701e-04, -3.86486150e-04,  0.00000000e+00,
  -2.13650428e-03, -3.86486150e-04,  2.07880829e-02,  0.00000000e+00,
   0.00000000e+00,  0.00000000e+00,  0.00000000e+00,  1.00000001e-10],
 [ 1.75688919e-02,  2.09840527e-03, -2.14629853e-03,  0.00000000e+00,
   2.09840527e-03,  1.38587318e-03,  8.45941599e-04,  0.00000000e+00,
  -2.14629853e-03,  8.45941599e-04,  4.12352011e-03,  0.00000000e+00,
   0.00000000e+00,  0.00000000e+00,  0.00000000e+00,  1.00000001e-10],
 [ 1.81760341e-02,  2.56576249e-03,  3.27454857e-03,  0.00000000e+00,
   2.56576249e-03,  4.47384344e-04,  5.33897139e-04,  0.00000000e+00,
   3.27454857e-03,  5.33897139e-04,  1.20430719e-02,  0.00000000e+00,
   0.00000000e+00,  0.00000000e+00,  0.00000000e+00,  1.00000001e-10],
 [ 2.70140190e-02,  3.54310195e-03, -5.38929505e-03,  0.00000000e+00,
   3.54310195e-03,  5.59814216e-04, -5.43498492e-04,  0.00000000e+00,
  -5.38929505e-03, -5.43498492e-04,  8.75218399e-03,  0.00000000e+00,
   0.00000000e+00,  0.00000000e+00,  0.00000000e+00,  1.00000001e-10],
 [ 1.41857583e-02,  1.88784138e-03,  3.68256937e-03,  0.00000000e+00,
   1.88784138e-03,  3.31649993e-04,  2.73960963e-04,  0.00000000e+00,
   3.68256937e-03,  2.73960963e-04,  1.54288542e-02,  0.00000000e+00,
   0.00000000e+00,  0.00000000e+00,  0.00000000e+00,  1.00000001e-10],
 [ 1.84875764e-02,  2.87934369e-03,  5.43468399e-04,  0.00000000e+00,
   2.87934369e-03,  9.24833934e-04,  8.07089906e-04,  0.00000000e+00,
   5.43468399e-04,  8.07089906e-04,  3.49660683e-03,  0.00000000e+00,
   0.00000000e+00,  0.00000000e+00,  0.00000000e+00,  1.00000001e-10]],


default_wall = np.array(default_wall_90_deg)

